6
1 6
3
0 100 100 98 89 77
2 2
101 1
1 99
2 15
7 14
99 98 98 96 96 92 92 84 84 72 68 68 36 36 0
2 98
1540 2018
100 100 100 100 100 100 100 100 100 100 100 100 100 100 100 100 100 100 100 100 100 100 100 100 100 100 100 100 100 100 100 100 100 100 100 100 100 100 100 100 100 100 100 100 100 100 100 100 100 100 100 100 100 100 100 100 100 100 100 100 100 100 100 100 100 100 100 100 100 100 100 100 100 100 100 100 100 100 100 100 100 100 100 100 100 100 100 100 100 100 100 100 100 100 100 100 100 100
2 499
343 729
0 2 0 0 0 0 2 0 0 2 0 0 0 2 2 2 2 2 0 0 0 2 2 0 0 2 2 2 0 2 2 2 2 0 0 0 0 0 0 0 2 0 0 2 0 2 0 0 2 0 0 2 2 0 0 0 2 0 2 0 2 2 2 2 0 0 2 2 0 0 2 2 2 0 0 2 0 2 2 0 2 0 2 0 0 0 2 2 0 0 2 2 2 2 0 0 2 0 2 0 0 0 2 0 2 0 0 0 2 2 0 0 0 2 2 2 2 0 2 0 2 0 2 2 2 0 2 2 2 2 0 0 0 2 2 0 2 0 0 2 2 2 0 2 2 0 2 0 0 0 0 2 2 2 2 2 2 0 0 2 0 0 2 2 0 2 0 0 2 2 2 0 0 2 0 2 2 2 0 0 0 0 2 0 0 0 0 2 0 0 0 2 0 0 0 0 0 0 2 0 0 0 2 0 2 2 0 0 0 0 2 2 2 2 0 0 0 2 2 2 0 0 2 0 0 2 0 2 2 0 2 0 2 2 2 0 2 0 2 0 2 0 2 0 0 2 0 0 2 2 0 0 0 0 2 2 2 0 2 0 0 2 2 0 0 0 0 0 2 2 0 0 2 2 2 0 0 0 0 0 0 2 2 2 0 0 0 2 2 0 2 2 2 2 2 2 0 2 2 0 0 2 0 2 2 2 0 2 0 0 2 2 0 0 0 0 2 2 2 0 0 0 0 2 2 0 0 2 0 2 2 0 2 2 0 0 2 0 2 0 0 2 2 2 0 2 0 2 0 0 0 0 2 0 2 0 0 2 0 0 0 0 2 0 0 2 2 0 0 0 2 0 0 0 2 0 2 0 2 2 0 2 2 0 2 0 0 2 0 0 2 0 2 2 2 2 0 0 2 2 0 2 2 2 2 2 2 2 0 2 2 2 0 0 0 0 0 2 2 2 0 2 0 2 0 2 2 0 2 0 0 2 2 2 2 0 2 0 2 2 2 0 0 2 2 0 2 2 2 0 0 0 2 0 0 2 2 0 0 2 2 0 2 2 0 0 0 2 0 2 2 0 0 0 2 2 2 0 2 0 0 2 2 0 2 2 2 0 2 2 0 0 0 2 2 0 2 2 2
2 499
235711 161803
99 98 96 92 84 68 36 64 0 0 0 0 0 0 0 0 0 0 0 0 0 0 0 0 0 0 0 0 0 0 0 0 0 0 0 0 0 0 0 0 0 0 0 0 0 0 0 0 0 0 0 0 0 0 0 0 0 0 0 0 0 0 0 0 0 0 0 0 0 0 0 0 0 0 0 0 0 0 0 0 0 0 0 0 0 0 0 0 0 0 0 0 0 0 0 0 0 0 0 0 0 0 0 0 0 0 0 0 0 0 0 0 0 0 0 0 0 0 0 0 0 0 0 0 0 0 0 0 0 0 0 0 0 0 0 0 0 0 0 0 0 0 0 0 0 0 0 0 0 0 0 0 0 0 0 0 0 0 0 0 0 0 0 0 0 0 0 0 0 0 0 0 0 0 0 0 0 0 0 0 0 0 0 0 0 0 0 0 0 0 0 0 0 0 0 0 0 0 0 0 0 0 0 0 0 0 0 0 0 0 0 0 0 0 0 0 0 0 0 0 0 0 0 0 0 0 0 0 0 0 0 0 0 0 0 0 0 0 0 0 0 0 0 0 0 0 0 0 0 0 0 0 0 0 0 0 0 0 0 0 0 0 0 0 0 0 0 0 0 0 0 0 0 0 0 0 0 0 0 0 0 0 0 0 0 0 0 0 0 0 0 0 0 0 0 0 0 0 0 0 0 0 0 0 0 0 0 0 0 0 0 0 0 0 0 0 0 0 0 0 0 0 0 0 0 0 0 0 0 0 0 0 0 0 0 0 0 0 0 0 0 0 0 0 0 0 0 0 0 0 0 0 0 0 0 0 0 0 0 0 0 0 0 0 0 0 0 0 0 0 0 0 0 0 0 0 0 0 0 0 0 0 0 0 0 0 0 0 0 0 0 0 0 0 0 0 0 0 0 0 0 0 0 0 0 0 0 0 0 0 0 0 0 0 0 0 0 0 0 0 0 0 0 0 0 0 0 0 0 0 0 0 0 0 0 0 0 0 0 0 0 0 0 0 0 0 0 0 0 0 0 0 0 0 0 0 0 0 0 0 0 0 0 0 0 0 0 0 0 0 0 0 0 0 0 0 0 0 0 0 0 0 0 0 0 0 0 0 0 0 0 0 0 0 0 0 0 0 0